

resonance, Y
1, 5.02843e+14
2, 5.08614e+14
3, 5.10445e+14
4, 5.18647e+14
5, 5.21996e+14
6, 5.25797e+14
7, 5.37244e+14
8, 5.39743e+14
9, 5.483e+14
10, 5.48682e+14
11, 5.5021e+14
12, 5.50943e+14
13, 5.56102e+14
14, 5.64607e+14
15, 5.65025e+14
16, 5.73439e+14
17, 5.80145e+14
18, 5.82332e+14
19, 5.88073e+14
20, 5.94948e+14
21, 6.00892e+14
22, 6.01201e+14
23, 6.09049e+14
24, 6.12204e+14
25, 6.20125e+14
26, 6.24987e+14
27, 6.27631e+14
28, 6.31777e+14
29, 6.37915e+14
30, 6.44099e+14
31, 6.56933e+14
32, 6.63069e+14
33, 6.65232e+14
34, 6.65556e+14
35, 6.76937e+14
36, 6.79252e+14
37, 6.85697e+14
38, 6.86811e+14
39, 6.89492e+14
40, 6.99796e+14
41, 7.0046e+14
42, 7.04579e+14
43, 7.12053e+14
44, 7.15973e+14
45, 7.18724e+14
46, 7.26674e+14
47, 7.35604e+14
48, 7.37731e+14
49, 7.48907e+14




resonance, Y
1, 4.5796e+13
2, 1.10655e+13
3, 3.55004e+13
4, 2.25802e+13
5, 7.92819e+13
6, 2.53936e+13
7, 3.09595e+13
8, 8.42759e+12
9, 2.61065e+13
10, 7.94405e+13
11, 6.25007e+11
12, 2.94438e+11
13, 1.38147e+13
14, 1.1145e+14
15, 8.37721e+12
16, 1.8421e+13
17, 2.11263e+13
18, 4.54194e+13
19, 9.15445e+12
20, 1.59694e+12
21, 8.13196e+13
22, 1.80578e+13
23, 6.48269e+12
24, 3.73703e+13
25, 8.34017e+12
26, 1.00628e+14
27, 2.43763e+13
28, 2.44214e+13
29, 1.02491e+13
30, 2.9818e+13
31, 1.81818e+13
32, 4.19768e+11
33, 5.77627e+13
34, 5.50404e+12
35, 1.80446e+13
36, 7.82332e+12
37, 1.22981e+13
38, 5.30347e+13
39, 6.71475e+12
40, 1.9506e+13
41, 2.57842e+13
42, 1.01339e+14
43, 1.21566e+13
44, 7.75474e+12
45, 3.69296e+13
46, 1.35485e+13
47, 9.77781e+12
48, 8.07829e+13
49, 1.18785e+14




resonance, Y
1, 34.4949
2, 144.4
3, 45.1715
4, 72.1597
5, 20.6844
6, 65.0496
7, 54.5164
8, 201.203
9, 65.9811
10, 21.6985
11, 2765.62
12, 5878.46
13, 126.463
14, 15.9153
15, 211.894
16, 97.7965
17, 86.2708
18, 40.2791
19, 201.813
20, 1170.41
21, 23.2141
22, 104.594
23, 295.152
24, 51.4658
25, 233.59
26, 19.512
27, 80.8883
28, 81.2723
29, 195.536
30, 67.8615
31, 113.51
32, 4962.49
33, 36.1805
34, 379.886
35, 117.856
36, 272.766
37, 175.164
38, 40.6843
39, 322.589
40, 112.708
41, 85.3454
42, 21.8426
43, 184.014
44, 290.054
45, 61.1417
46, 168.5
47, 236.348
48, 28.6898
49, 19.8069




resonance, Y
1, 5.25454e-07
2, 2.50144e-09
3, 1.50012e-07
4, 3.40801e-08
5, 2.1053e-06
6, 1.46838e-08
7, 4.5859e-08
8, 1.59936e-10
9, 1.55793e-08
10, 2.59216e-06
11, 5.35843e-12
12, 7.56465e-12
13, 4.50462e-09
14, 3.13023e-06
15, 8.26648e-11
16, 1.87877e-09
17, 6.99977e-11
18, 1.27582e-07
19, 5.26395e-10
20, 3.41902e-12
21, 1.10256e-06
22, 2.11119e-09
23, 1.86903e-11
24, 3.07395e-08
25, 3.93455e-11
26, 1.09126e-06
27, 3.32838e-09
28, 1.39166e-08
29, 8.83204e-11
30, 1.03425e-08
31, 3.53319e-09
32, 9.3752e-13
33, 3.93218e-07
34, 3.36532e-11
35, 7.05049e-09
36, 3.23511e-12
37, 1.38179e-09
38, 2.90188e-07
39, 3.07391e-13
40, 1.25803e-09
41, 1.05738e-10
42, 1.42535e-06
43, 1.61136e-09
44, 1.75263e-10
45, 9.43949e-08
46, 6.56881e-10
47, 6.49318e-10
48, 3.03281e-06
49, 5.64922e-06




resonance, Y
1, -1.17883
2, -0.801303
3, -0.807535
4, -1.36328
5, 2.8116
6, 2.76401
7, 0.0873592
8, -2.73417
9, -3.11283
10, 1.81437
11, -2.56072
12, -2.15121
13, -0.92842
14, 0.00504374
15, 2.5057
16, 0.693882
17, -0.738465
18, -0.346867
19, -0.712021
20, -0.50113
21, -0.553268
22, -2.75454
23, -1.69907
24, -0.161223
25, 0.86823
26, -1.59693
27, 1.30873
28, 2.12357
29, -1.93705
30, 0.282075
31, -2.31018
32, -0.713469
33, -1.02789
34, 1.83073
35, 1.53454
36, 0.792351
37, 1.90611
38, -0.87061
39, -2.58583
40, 1.71395
41, 0.636774
42, -1.6807
43, -0.679962
44, -0.326917
45, -2.76066
46, -1.04612
47, -0.319006
48, -1.84481
49, 1.9865




resonance, Y
1, 8.79158e-05
2, 0.00032118
3, 0.000507467
4, 0.000124209
5, 0.000209367
6, 0.000145727
7, 0.000266699
8, 0.000185832
9, 0.000435562
10, 0.000194504
11, 0.0014184
12, 0.00115791
13, 0.000224879
14, 0.000201225
15, 0.000280444
16, 0.00067093
17, 0.00041676
18, 0.00011209
19, 0.000125416
20, 4.50599e-05
21, 0.000135174
22, 5.50911e-05
23, 0.000338733
24, 0.000202454
25, 2.36315e-05
26, 0.000115375
27, 0.000548935
28, 0.000143731
29, 0.000109721
30, 4.18762e-05
31, 3.91915e-05
32, 2.13452e-05
33, 8.3989e-06
34, 2.16476e-06
35, 6.77984e-05
36, 0.000163542
37, 7.46202e-05
38, 5.47372e-05
39, 1.56105e-05
40, 6.43856e-05
41, 0.000858541
42, 1.8324e-05
43, 3.81216e-05
44, 0.000157785
45, 4.49396e-06
46, 3.48528e-05
47, 7.25674e-05
48, 1.18762e-05
49, 2.7437e-05


